2000
384 268
382 273
376 268
373 271
371 270
365 273
361 272
364 265
365 258
360 260
357 256
354 252
350 259
348 257
346 256
344 257
344 252
345 251
349 249
346 244
345 243
344 244
338 242
333 237
336 237
343 235
348 244
351 247
361 250
364 247
370 244
375 238
373 246
376 248
370 250
374 256
385 266
384 259
390 254
392 251
397 253
395 259
399 265
398 269
391 270
399 275
401 280
402 281
403 282
397 280
394 279
393 279
392 278
388 281
386 281
388 282
394 283
394 283
397 295
389 296
390 301
391 306
388 307
383 312
386 318
385 318
378 324
382 328
370 336
367 332
357 333
350 338
340 337
339 332
334 332
330 330
327 333
325 325
332 315
333 314
336 312
338 315
340 311
342 311
350 313
339 327
344 333
347 327
349 324
351 323
356 321
361 319
363 319
370 320
368 317
363 313
365 304
372 307
381 306
383 302
380 301
382 299
379 298
377 293
378 285
380 282
378 280
369 281
365 281
370 283
370 290
365 292
363 294
362 296
359 295
359 298
354 301
353 297
356 291
360 290
356 289
352 286
355 284
353 280
355 278
355 273
355 270
354 267
352 268
349 275
350 283
339 286
337 288
337 285
332 284
332 288
333 293
336 292
340 293
344 290
346 291
347 293
346 294
349 296
346 303
344 301
339 302
338 309
329 309
329 300
322 300
318 302
312 297
312 292
318 289
317 292
320 298
322 296
323 290
324 288
316 280
307 273
304 271
303 272
303 274
301 278
305 283
301 284
294 280
292 284
287 281
282 284
281 282
280 281
282 275
276 269
274 265
273 261
276 264
281 266
286 264
289 269
291 268
296 265
299 263
297 259
297 256
296 252
290 253
289 254
286 252
285 251
292 247
301 244
304 243
304 244
305 249
311 249
324 246
327 253
324 257
321 261
309 262
302 259
314 269
320 270
322 268
331 274
337 278
339 270
337 262
335 258
333 250
332 243
330 241
327 238
321 245
314 236
311 237
309 237
304 237
300 236
299 236
296 235
295 239
293 240
293 243
289 241
283 237
278 245
272 249
271 237
246 223
240 221
238 218
237 224
233 230
230 215
230 210
229 203
223 206
225 216
221 217
212 218
211 217
212 215
215 213
218 212
219 212
220 208
221 204
213 206
215 202
213 201
211 193
208 190
212 191
215 192
214 189
214 187
218 188
218 191
219 192
224 182
220 181
219 180
214 172
209 174
206 167
205 161
199 153
195 153
184 151
184 151
190 149
191 145
195 141
188 136
187 136
183 142
181 139
181 138
172 139
172 137
164 137
161 133
152 131
151 124
148 122
142 122
142 124
142 125
140 128
138 125
135 123
135 121
134 112
130 115
119 116
121 108
126 110
127 103
142 108
140 103
148 95
149 95
154 98
160 95
165 89
170 91
174 89
177 92
180 93
177 98
168 101
164 105
161 102
156 105
160 114
162 116
163 117
159 120
158 122
163 124
170 124
169 127
170 130
179 124
179 124
187 125
188 123
193 121
212 115
216 113
217 113
213 110
218 107
218 104
218 99
222 100
222 95
220 93
223 92
227 98
228 97
233 94
235 91
235 96
239 97
242 100
243 102
243 106
240 110
241 113
240 115
237 112
228 106
227 106
226 105
228 124
232 127
237 135
238 138
238 141
221 149
220 146
216 141
214 138
221 139
225 141
231 137
229 136
226 137
223 135
222 133
223 131
222 131
217 130
215 132
213 132
201 128
197 135
202 133
202 132
205 134
205 137
208 142
209 150
211 151
211 156
217 157
215 162
220 166
221 164
223 161
224 160
227 157
229 157
231 165
228 172
231 180
232 186
232 187
230 189
230 192
234 191
235 193
240 193
239 196
238 200
237 205
243 199
246 201
251 203
247 210
246 216
252 206
254 203
255 202
250 192
253 183
243 180
242 178
246 174
245 170
248 159
252 155
249 149
242 151
242 144
246 143
241 137
242 133
241 128
244 128
247 129
248 125
248 124
248 124
251 120
249 119
248 110
253 98
251 92
249 89
248 88
248 87
254 84
255 82
252 82
248 81
243 90
242 90
238 85
240 82
233 83
223 86
221 88
211 83
215 90
215 92
213 94
211 102
209 99
202 100
199 101
195 113
186 116
185 112
169 118
171 110
175 109
178 108
180 106
182 108
183 107
184 109
190 105
189 98
186 91
186 90
186 88
183 88
182 88
182 82
181 82
180 81
162 83
161 84
159 86
159 87
154 81
151 86
144 94
143 89
134 83
125 90
124 86
125 82
121 81
119 83
119 86
113 85
110 82
114 92
117 93
107 102
111 101
115 102
116 105
112 113
117 122
121 121
126 124
135 134
137 139
143 142
143 135
146 136
147 141
150 145
153 144
153 143
163 142
166 153
164 155
162 155
157 159
157 169
159 172
154 173
154 165
150 161
149 154
144 154
139 149
135 150
134 153
133 155
131 158
127 157
121 155
119 155
117 148
121 145
122 146
126 149
129 145
125 138
122 138
122 137
122 130
116 131
113 125
106 127
110 130
112 135
106 135
107 140
112 142
108 150
109 156
107 159
109 160
115 163
117 163
112 165
112 170
117 171
113 174
107 176
109 178
110 179
109 180
109 184
110 184
110 187
113 188
112 189
114 191
106 205
107 217
116 221
114 227
110 230
119 230
127 229
127 221
132 222
133 225
144 227
149 222
141 222
137 210
130 211
128 215
122 213
119 215
114 208
117 204
121 203
125 202
126 200
127 198
133 196
135 191
135 197
134 200
138 204
140 205
144 204
143 195
142 188
139 174
137 172
132 177
126 183
124 181
124 179
123 181
122 182
122 182
118 183
119 181
119 178
122 176
122 171
123 170
126 171
126 165
132 166
134 167
136 164
139 167
140 166
145 166
144 171
147 170
149 174
150 176
150 177
147 179
146 183
151 181
159 182
159 185
158 187
159 188
164 188
170 185
174 183
178 188
181 189
183 191
183 191
185 191
186 189
194 184
190 180
187 179
174 175
165 180
165 180
166 178
166 173
167 172
165 171
163 168
161 166
165 168
174 166
182 173
186 162
188 163
188 163
197 170
196 176
202 170
203 171
205 174
206 178
199 194
199 195
201 200
207 197
209 199
209 199
209 199
205 205
203 208
201 208
200 208
198 211
198 214
201 214
200 221
189 212
186 203
183 205
182 204
181 202
186 200
184 199
179 196
169 196
163 196
162 199
154 195
150 192
149 194
152 198
152 201
149 204
149 205
150 213
162 216
164 221
166 222
165 219
170 218
167 214
168 211
170 211
170 210
173 208
178 210
178 214
181 215
185 218
183 221
178 221
187 230
273 285
284 287
284 292
278 295
276 299
274 310
271 323
276 328
276 326
282 322
280 317
287 317
290 314
286 307
284 307
279 305
282 301
288 298
295 296
296 292
299 299
301 298
303 303
305 305
304 308
304 308
311 307
313 310
304 312
303 312
303 312
302 313
301 315
299 316
306 320
312 325
314 331
315 333
315 344
311 348
309 343
306 345
299 342
307 336
310 333
311 331
304 331
302 332
301 332
301 327
291 326
287 326
288 331
283 331
282 332
276 332
273 332
273 337
271 338
273 338
277 336
296 337
291 345
282 344
277 343
277 344
277 352
279 358
286 361
283 364
280 363
276 361
276 366
273 368
273 382
275 382
279 382
279 378
280 375
280 374
280 373
287 370
292 375
293 383
301 384
300 378
295 375
305 371
305 369
300 367
301 356
302 350
302 347
307 357
310 364
311 366
314 368
316 368
317 360
318 356
325 358
328 366
324 369
327 379
325 383
332 379
334 379
330 377
328 372
334 369
338 372
349 378
358 384
349 373
347 372
351 366
347 366
342 368
339 357
333 355
333 352
333 341
341 343
342 342
344 342
349 345
350 346
355 347
364 344
363 347
359 349
357 351
349 356
354 358
362 360
363 362
361 365
360 365
361 369
364 374
370 384
375 383
379 382
385 384
393 379
400 379
404 379
405 384
407 383
408 383
414 383
410 379
418 370
410 369
411 372
407 374
401 375
396 373
395 374
385 369
383 368
379 362
377 359
376 364
371 365
367 368
367 364
369 359
371 356
370 352
372 351
373 341
382 349
388 343
390 337
394 334
396 337
394 339
402 343
404 344
408 348
397 356
397 358
391 356
389 356
388 361
392 365
393 367
394 369
397 369
401 364
405 361
404 358
415 360
419 357
415 355
419 346
419 344
416 337
414 333
414 326
420 319
420 317
420 311
419 310
414 314
412 318
414 321
411 322
407 327
407 330
401 335
399 332
395 327
398 325
399 319
398 316
394 312
394 311
403 313
405 311
399 305
399 305
403 303
407 305
410 302
416 300
413 293
416 291
418 291
414 288
406 292
404 292
404 292
403 288
407 287
407 286
411 281
418 269
414 264
412 266
410 266
406 267
405 265
403 261
406 257
407 253
406 247
400 251
399 246
398 245
396 242
390 243
390 245
389 245
386 244
385 243
387 240
386 238
393 236
406 241
407 240
410 237
411 237
413 240
413 248
414 255
420 245
438 217
440 216
450 216
446 213
446 213
435 209
437 200
442 202
442 203
449 203
441 195
439 193
437 190
458 192
456 189
459 182
462 181
458 180
453 181
449 182
448 178
450 176
453 176
452 172
453 169
457 172
464 173
470 172
472 172
471 164
460 162
453 159
450 155
449 153
453 152
455 151
459 154
461 154
462 139
457 140
457 141
453 147
450 151
445 154
444 156
443 160
444 161
447 162
448 167
446 170
437 180
436 169
441 155
443 149
443 144
442 144
441 142
443 138
436 135
436 130
436 129
443 132
443 131
444 120
439 114
436 101
438 99
443 92
438 84
438 81
435 73
439 72
441 69
443 76
447 72
454 72
455 68
457 70
465 68
466 76
465 77
467 78
466 80
465 80
464 79
458 76
454 78
456 85
448 99
451 102
448 105
449 112
453 113
454 113
455 114
460 115
466 119
466 120
466 120
462 121
460 119
449 123
455 127
461 131
462 132
466 133
472 129
473 132
473 138
472 138
472 141
477 140
476 142
476 147
471 155
478 158
476 162
476 164
485 168
476 183
473 192
470 191
465 192
463 192
463 200
458 203
453 201
453 204
456 209
457 213
474 209
478 213
484 215
492 214
494 214
495 210
499 213
503 213
507 212
508 212
508 209
516 208
522 207
538 217
533 211
531 207
522 198
502 202
486 207
486 207
482 210
486 202
485 198
484 198
479 193
485 192
489 189
493 193
497 186
502 189
507 186
507 183
505 179
503 177
502 176
502 181
495 180
496 176
495 172
497 166
499 159
500 157
503 156
507 159
506 161
506 164
511 164
513 161
511 160
512 157
509 152
508 148
501 147
500 152
495 150
493 150
489 151
487 143
491 137
495 137
494 135
492 130
494 125
490 123
488 125
481 127
476 125
476 120
480 121
480 115
479 114
476 113
469 107
466 104
463 108
458 111
454 106
460 102
470 96
470 94
474 92
473 86
476 82
471 83
470 83
472 80
477 75
482 72
484 69
482 79
483 81
488 83
490 81
499 80
500 77
498 72
501 70
501 69
503 69
504 73
506 73
510 79
517 81
516 78
517 71
524 77
534 70
539 69
539 75
537 77
546 75
547 79
539 82
531 86
526 88
522 88
510 94
506 93
504 91
507 97
508 101
498 96
497 88
500 86
498 86
491 88
492 93
486 100
481 95
479 97
478 99
476 103
479 107
483 114
488 115
490 112
495 112
496 106
501 107
502 107
510 111
502 115
504 117
500 121
499 124
502 133
503 131
509 124
514 122
517 122
520 120
522 118
523 114
517 113
516 112
520 108
518 104
523 101
524 103
531 108
533 104
532 95
534 92
538 93
543 95
544 95
549 92
549 86
551 81
555 82
554 75
557 73
555 68
562 70
564 76
566 79
566 85
564 87
555 94
558 102
558 103
556 104
555 105
554 104
548 101
548 102
553 111
550 110
541 115
541 120
538 121
534 128
528 135
516 130
515 131
511 129
514 136
517 139
517 141
516 141
514 141
513 140
513 145
516 151
518 154
525 154
532 152
528 141
533 139
534 133
538 132
541 136
543 131
540 124
553 128
562 127
565 130
570 129
570 129
572 131
573 127
568 122
565 121
567 119
568 118
564 111
559 113
560 109
563 107
567 102
565 99
568 96
572 86
573 77
574 78
578 77
580 75
582 76
576 86
575 101
581 101
577 109
574 114
574 120
576 117
577 114
583 114
583 119
582 124
584 129
580 136
578 143
580 144
581 146
573 158
573 159
575 160
575 162
583 163
583 170
583 176
581 178
571 172
571 170
565 157
563 155
561 153
561 151
558 151
558 146
559 147
564 146
562 139
560 137
560 135
556 132
555 133
550 133
550 136
553 140
551 143
547 144
544 143
544 144
544 146
542 153
540 155
538 162
532 165
530 161
527 167
521 163
515 167
516 170
507 172
509 178
512 186
508 189
513 192
516 195
518 195
518 194
520 191
526 190
529 189
525 187
519 184
522 179
524 179
524 184
528 181
528 178
527 175
530 175
534 182
538 185
541 189
541 194
532 194
534 196
537 201
541 206
547 199
550 196
553 189
552 183
551 182
547 181
545 179
546 174
542 173
540 172
539 172
545 168
555 164
559 157
560 167
560 171
553 177
558 183
557 188
562 188
573 186
575 181
578 189
579 193
577 195
576 196
566 202
562 194
559 193
558 195
558 203
552 204
552 207
549 206
545 207
544 210
545 211
543 213
545 216
552 216
557 212
560 215
562 212
571 211
574 208
574 207
583 207
578 217
600 390
605 395
607 396
600 397
594 393
590 394
588 392
574 394
573 396
563 394
559 391
551 396
553 398
560 402
564 404
563 408
564 407
566 407
568 408
590 407
594 399
598 403
597 408
607 415
603 416
603 416
602 415
601 413
598 414
595 413
591 421
590 422
589 414
587 412
584 414
578 421
575 420
562 419
564 415
561 412
559 412
558 413
558 410
556 407
553 408
554 411
546 415
545 417
545 412
536 410
535 410
535 403
537 398
541 398
541 397
541 396
539 394
540 392
535 391
530 390
529 394
527 396
527 400
523 398
520 400
520 402
518 401
516 399
514 390
505 390
504 391
492 390
508 399
499 404
500 411
506 412
509 414
512 407
517 415
516 416
524 420
523 417
523 413
526 411
529 416
530 428
530 428
533 430
525 432
523 440
521 445
517 440
516 444
516 446
515 447
517 455
520 451
522 447
528 447
529 453
529 456
522 462
518 461
511 459
509 462
510 467
517 468
520 467
523 470
528 466
528 466
539 466
545 454
552 450
555 445
557 443
559 434
554 437
552 440
545 437
540 440
540 438
543 428
538 422
550 425
558 425
564 425
566 431
567 433
570 441
571 439
576 433
578 439
583 437
585 440
585 447
580 447
570 447
569 450
568 449
567 450
568 453
566 458
567 461
563 463
560 460
561 454
563 451
560 450
562 447
558 447
556 447
553 454
551 459
552 462
550 462
549 468
548 468
549 470
550 472
548 475
555 472
555 466
559 465
560 468
560 472
573 466
573 464
579 461
584 455
588 459
595 457
592 454
592 450
594 448
590 446
594 442
597 439
598 437
592 429
595 424
601 422
606 427
608 429
603 443
602 446
598 450
607 450
604 453
600 455
597 460
595 461
595 465
599 461
608 460
608 462
604 466
606 467
605 471
607 480
605 481
602 478
598 482
595 481
595 474
590 472
587 474
590 478
590 482
584 479
580 477
578 472
574 476
570 475
565 476
564 476
566 478
563 484
553 483
536 478
535 482
528 482
522 477
515 477
510 479
503 473
501 469
500 465
503 465
505 462
496 460
491 462
491 462
491 457
502 451
506 455
506 453
507 449
503 437
509 438
508 434
509 434
511 428
505 424
498 418
495 418
494 417
491 411
492 409
495 409
495 407
491 401
491 404
488 406
485 404
482 398
479 395
477 391
467 396
459 390
459 391
460 396
464 403
464 404
470 405
470 403
475 403
484 413
489 421
488 422
487 425
493 429
495 432
495 436
498 438
496 440
492 440
492 434
492 434
492 433
488 432
485 431
484 431
482 431
482 428
478 420
478 417
479 412
476 412
472 414
471 411
470 412
459 416
465 418
476 430
466 429
460 433
465 435
467 443
473 442
474 443
477 442
475 447
482 447
486 448
481 453
475 453
477 457
472 459
473 465
476 464
477 468
481 467
485 468
486 475
475 485
472 476
469 471
466 464
465 460
460 448
459 455
462 474
470 479
470 484
468 493
462 494
459 500
467 498
472 505
471 509
468 507
464 506
461 510
460 511
466 515
466 521
469 525
471 525
479 526
480 526
476 523
475 516
476 512
475 511
480 509
484 498
481 499
479 496
483 492
492 490
499 485
506 482
507 483
502 492
497 495
498 501
487 513
486 514
482 517
487 519
487 515
488 515
490 513
496 515
503 516
504 510
505 508
505 508
510 491
519 495
524 494
529 502
533 498
533 497
544 485
546 485
548 485
552 487
553 486
558 486
559 487
562 488
570 484
575 486
577 487
578 493
579 494
577 499
587 503
591 498
589 493
583 492
589 491
592 488
595 488
595 492
597 496
600 492
603 493
604 497
601 500
596 506
601 510
603 510
603 512
598 514
592 517
595 518
599 520
601 522
602 531
599 532
596 538
587 535
578 539
573 532
574 531
574 528
574 522
575 520
578 521
581 526
582 529
586 522
580 512
579 506
573 505
569 505
575 516
567 523
560 523
559 524
554 519
558 507
563 496
561 496
557 496
554 495
554 501
550 502
547 502
551 506
551 510
550 511
551 513
542 513
542 509
532 507
528 503
523 507
528 515
533 518
535 521
532 522
529 526
529 528
539 529
544 522
547 527
550 528
549 526
549 526
550 526
553 527
556 531
558 536
559 539
555 536
554 535
547 535
539 539
535 539
531 536
519 535
516 539
510 531
513 529
510 525
507 526
505 531
499 527
496 526
500 532
502 534
501 539
493 534
490 536
487 536
487 530
485 531
483 530
481 531
476 534
474 536
471 537
464 534
465 528
463 532
461 537
