2000
183     142
181     139
181     138
187     136
188     136
195     141
191     145
190     149
184     151
184     151
195     153
199     153
205     161
206     167
203     171
202     170
197     170
196     176
190     180
187     179
182     173
174     175
167     172
166     173
165     171
165     168
163     168
161     166
157     169
159     172
154     173
150     176
150     177
149     174
147     170
144     171
145     166
140     166
139     167
136     164
134     167
132     166
126     165
123     170
122     171
126     171
122     176
119     178
119     181
118     183
122     182
122     182
123     181
124     181
124     179
126     183
132     177
137     172
139     174
147     179
146     183
151     181
159     182
159     185
158     187
159     188
164     188
170     185
174     183
178     188
181     189
183     191
183     191
185     191
186     189
194     184
199     194
199     195
201     200
205     205
203     208
201     208
200     208
198     211
198     214
201     214
200     221
211     217
212     218
212     215
215     213
218     212
219     212
220     208
223     206
221     204
215     202
213     201
209     199
209     199
209     199
207     197
211     193
212     191
214     189
214     187
218     188
218     191
219     192
215     192
208     190
206     178
205     174
209     174
214     172
220     166
221     164
223     161
224     160
227     157
229     157
231     165
228     172
231     180
232     186
232     187
230     189
230     192
234     191
235     193
240     193
239     196
238     200
237     205
229     203
230     210
230     215
225     216
221     217
213     206
189     212
185     218
183     221
178     221
181     215
178     214
178     210
173     208
170     210
170     211
168     211
167     214
170     218
165     219
164     221
166     222
162     216
150     213
149     205
149     204
152     201
152     198
154     195
150     192
149     194
143     195
142     188
135     191
133     196
135     197
134     200
138     204
140     205
144     204
137     210
130     211
128     215
127     221
132     222
133     225
127     229
119     230
114     227
110     230
116     221
119     215
122     213
114     208
117     204
121     203
125     202
126     200
127     198
114     191
112     189
113     188
110     187
110     184
109     184
109     180
110     179
109     178
107     176
113     174
112     170
112     165
115     163
117     163
117     171
109     160
107     159
109     156
108     150
112     142
107     140
106     135
112     135
110     130
106     127
113     125
117     122
121     121
119     116
112     113
116     105
115     102
111     101
107     102
114     92
117     93
119     86
119     83
121     81
125     82
124     86
125     90
134     83
143     89
144     94
148     95
149     95
154     98
160     95
161     102
164     105
168     101
177     98
180     93
177     92
174     89
170     91
165     89
159     87
159     86
161     84
162     83
154     81
151     86
156     105
160     114
162     116
163     117
159     120
158     122
163     124
169     127
170     124
170     130
172     137
172     139
164     137
161     133
152     131
151     124
148     122
142     122
142     124
142     125
140     128
138     125
135     123
135     121
130     115
134     112
126     110
121     108
127     103
140     103
142     108
126     124
122     130
116     131
122     137
122     138
125     138
129     145
126     149
122     146
121     145
117     148
119     155
121     155
127     157
131     158
133     155
134     153
135     150
139     149
144     154
149     154
150     161
154     165
157     159
162     155
164     155
166     153
163     142
153     143
153     144
150     145
147     141
143     142
146     136
143     135
137     139
135     134
169     118
171     110
175     109
178     108
180     106
182     108
183     107
184     109
185     112
186     116
188     123
187     125
193     121
195     113
190     105
189     98
186     91
186     90
186     88
183     88
182     88
182     82
181     82
180     81
199     101
202     100
209     99
211     102
218     104
218     107
213     110
216     113
217     113
212     115
217     130
215     132
213     132
214     138
216     141
221     139
225     141
226     137
229     136
231     137
237     135
238     138
238     141
242     144
246     143
249     149
252     155
248     159
242     151
241     137
242     133
241     128
244     128
247     129
248     125
248     124
248     124
251     120
249     119
248     110
243     106
243     102
242     100
239     97
235     96
233     94
235     91
238     85
240     82
233     83
223     86
221     88
223     92
220     93
222     95
222     100
218     99
213     94
215     92
215     90
211     83
227     98
228     97
226     105
227     106
228     106
237     112
240     110
241     113
240     115
232     127
228     124
223     131
222     131
222     133
223     135
220     146
221     149
217     157
215     162
211     156
211     151
209     150
208     142
205     137
205     134
202     133
202     132
201     128
197     135
179     124
179     124
186     162
188     163
188     163
174     166
166     178
165     180
165     180
163     196
162     199
169     196
179     196
184     199
186     200
186     203
183     205
182     204
181     202
187     230
149     222
144     227
141     222
107     217
106     205
219     180
220     181
224     182
242     178
243     180
246     174
245     170
253     183
250     192
246     201
243     199
251     203
254     203
255     202
252     206
247     210
246     216
246     223
240     221
238     218
237     224
233     230
271     237
278     245
272     249
273     261
274     265
276     264
276     269
281     266
286     264
289     269
291     268
296     265
299     263
297     259
297     256
296     252
290     253
289     254
286     252
285     251
292     247
293     243
293     240
295     239
296     235
299     236
300     236
304     237
309     237
311     237
314     236
321     245
324     246
327     253
324     257
321     261
322     268
320     270
314     269
307     273
304     271
303     272
303     274
301     278
301     284
305     283
294     280
292     284
287     281
282     284
281     282
280     281
282     275
284     287
284     292
278     295
276     299
282     301
279     305
284     307
286     307
290     314
287     317
280     317
282     322
287     326
291     326
288     331
283     331
282     332
276     332
273     332
273     337
273     338
271     338
277     336
277     343
277     344
282     344
291     345
299     342
296     337
301     332
302     332
304     331
301     327
306     320
301     315
299     316
302     313
303     312
303     312
304     312
304     308
304     308
305     305
303     303
301     298
299     299
295     296
296     292
288     298
274     310
271     323
276     326
276     328
277     352
279     358
276     361
280     363
283     364
286     361
287     370
292     375
295     375
300     378
301     384
293     383
279     382
275     382
273     382
279     378
280     375
280     374
280     373
276     366
273     368
300     367
305     369
305     371
311     366
310     364
314     368
316     368
317     360
318     356
325     358
328     366
324     369
328     372
330     377
332     379
334     379
327     379
325     383
334     369
338     372
342     368
347     366
351     366
347     372
349     373
349     378
358     384
364     374
361     369
361     365
360     365
363     362
362     360
367     364
367     368
371     365
376     364
379     362
377     359
371     356
369     359
370     352
372     351
363     347
364     344
359     349
357     351
355     347
350     346
349     345
344     342
342     342
341     343
340     337
339     332
334     332
330     330
327     333
325     325
332     315
333     314
336     312
338     309
340     311
342     311
338     315
329     309
329     300
322     300
320     298
322     296
323     290
324     288
318     289
317     292
312     292
312     297
318     302
311     307
313     310
312     325
311     331
310     333
307     336
309     343
306     345
302     347
302     350
301     356
307     357
311     348
315     344
315     333
314     331
333     341
333     352
333     355
339     357
349     356
354     358
350     338
344     333
347     327
349     324
351     323
356     321
361     319
363     319
368     317
370     320
378     324
382     328
385     318
386     318
383     312
381     306
383     302
380     301
382     299
379     298
377     293
370     290
365     292
363     294
362     296
359     295
359     298
354     301
353     297
349     296
347     293
346     294
346     291
344     290
340     293
336     292
333     293
332     288
332     284
337     285
339     286
337     288
337     278
331     274
339     270
337     262
335     258
333     250
332     243
330     241
327     238
333     237
336     237
338     242
344     244
345     243
346     244
348     244
351     247
349     249
345     251
344     252
346     256
348     257
350     259
344     257
354     252
357     256
360     260
365     258
364     265
361     272
365     273
371     270
373     271
376     268
382     273
384     268
385     266
384     259
390     254
392     251
397     253
400     251
399     246
398     245
396     242
390     243
390     245
389     245
386     244
385     243
387     240
386     238
393     236
406     241
407     240
410     237
411     237
413     240
413     248
414     255
407     253
406     257
403     261
405     265
406     267
410     266
412     266
414     264
418     269
411     281
407     286
407     287
403     288
404     292
404     292
406     292
413     293
416     291
418     291
414     288
416     300
410     302
407     305
403     303
399     305
399     305
394     311
394     312
398     316
399     319
398     325
395     327
399     332
401     335
396     337
394     339
390     337
394     334
388     343
382     349
389     356
391     356
388     361
392     365
393     367
394     369
397     369
396     373
395     374
393     379
400     379
404     379
401     375
407     374
411     372
410     369
418     370
415     360
415     355
419     357
419     346
419     344
416     337
414     333
414     326
414     321
411     322
412     318
414     314
419     310
420     311
420     317
420     319
407     327
407     330
402     343
404     344
408     348
404     358
405     361
401     364
397     358
397     356
385     369
383     368
379     382
375     383
370     384
385     384
405     384
407     383
408     383
410     379
414     383
459     390
459     391
460     396
467     396
470     403
470     405
475     403
482     398
479     395
477     391
492     390
491     401
491     404
488     406
485     404
492     409
491     411
495     409
495     407
499     404
500     411
506     412
509     414
516     416
517     415
523     417
524     420
529     416
526     411
523     413
520     402
520     400
518     401
516     399
523     398
527     400
527     396
529     394
530     390
535     391
539     394
540     392
541     396
541     397
541     398
537     398
535     403
535     410
536     410
545     412
546     415
545     417
538     422
543     428
550     425
558     425
564     425
566     431
567     433
571     439
570     441
570     447
568     449
567     450
569     450
568     453
563     451
560     450
562     447
558     447
556     447
555     445
557     443
552     440
554     437
559     434
545     437
540     438
540     440
533     430
530     428
530     428
525     432
523     440
521     445
522     447
520     451
517     455
518     461
522     462
520     467
517     468
523     470
528     466
528     466
529     456
529     453
528     447
516     446
515     447
516     444
517     440
509     438
509     434
508     434
503     437
498     438
496     440
492     440
495     436
492     434
492     434
492     433
495     432
493     429
488     432
485     431
484     431
482     431
482     428
487     425
488     422
489     421
494     417
495     418
498     418
505     424
511     428
512     407
508     399
504     391
505     390
514     390
551     396
553     398
560     402
564     404
564     407
563     408
566     407
568     408
561     412
559     412
558     413
558     410
556     407
553     408
554     411
564     415
562     419
575     420
578     421
584     414
587     412
589     414
595     413
598     414
601     413
602     415
603     416
603     416
607     415
601     422
595     424
591     421
590     422
592     429
598     437
597     439
594     442
590     446
594     448
592     450
592     454
595     457
597     460
599     461
595     461
595     465
590     472
587     474
590     478
590     482
595     481
598     482
602     478
605     481
607     480
605     471
606     467
604     466
608     462
608     460
604     453
607     450
602     446
603     443
598     450
600     455
588     459
584     455
579     461
573     464
573     466
578     472
580     477
584     479
574     476
570     475
566     478
565     476
564     476
560     472
560     468
559     465
555     466
552     462
550     462
551     459
553     454
552     450
545     454
539     466
548     468
549     468
549     470
550     472
548     475
555     472
553     483
553     486
552     487
548     485
546     485
544     485
535     482
536     478
528     482
522     477
515     477
510     479
507     483
506     482
499     485
502     492
497     495
498     501
505     508
505     508
504     510
503     516
496     515
490     513
488     515
487     515
486     514
487     513
487     519
482     517
475     516
476     512
475     511
471     509
468     507
464     506
461     510
460     511
466     515
466     521
469     525
471     525
476     523
479     526
480     526
483     530
485     531
487     530
487     536
490     536
493     534
500     532
502     534
505     531
510     531
513     529
510     525
507     526
499     527
496     526
501     539
516     539
519     535
531     536
535     539
539     539
547     535
554     535
555     536
558     536
559     539
556     531
553     527
550     526
549     526
549     526
547     527
550     528
544     522
539     529
535     521
532     522
533     518
528     515
532     507
528     503
529     502
533     498
533     497
524     494
519     495
510     491
492     490
483     492
479     496
481     499
484     498
480     509
472     505
467     498
468     493
462     494
459     500
470     484
470     479
472     476
469     471
473     465
476     464
477     468
481     467
485     468
486     475
491     462
491     462
491     457
496     460
500     465
503     465
505     462
509     462
511     459
506     455
506     453
507     449
502     451
486     448
482     447
481     453
477     457
475     453
475     447
474     443
473     442
477     442
467     443
465     435
460     433
466     429
476     430
478     420
478     417
479     412
476     412
472     414
470     412
471     411
465     418
459     416
464     404
464     403
484     413
460     448
459     455
465     460
466     464
472     459
462     474
475     485
503     473
501     469
510     467
523     507
542     509
542     513
550     511
551     510
551     513
554     519
559     524
560     523
567     523
574     522
575     520
578     521
575     516
580     512
579     506
573     505
569     505
577     499
579     494
578     493
583     492
589     493
589     491
592     488
595     488
595     492
597     496
600     492
603     493
604     497
601     500
596     506
601     510
603     510
603     512
598     514
595     518
592     517
599     520
601     522
602     531
599     532
596     538
587     535
582     529
581     526
586     522
574     528
574     531
573     532
578     539
587     503
591     498
577     487
575     486
570     484
563     484
562     488
559     487
558     486
554     495
557     496
561     496
563     496
554     501
550     502
547     502
551     506
558     507
529     526
529     528
481     531
476     534
474     536
471     537
464     534
463     532
465     528
461     537
560     460
563     463
567     461
566     458
561     454
580     447
585     447
585     440
583     437
578     439
576     433
590     407
597     408
598     403
594     399
594     393
590     394
588     392
600     390
600     397
605     395
607     396
606     427
608     429
595     474
573     396
574     394
563     394
559     391
405     311
403     313
391     306
388     307
390     301
389     296
397     295
394     283
394     283
394     279
393     279
392     278
388     281
388     282
386     281
380     282
378     280
378     285
370     283
369     281
365     281
360     290
356     289
356     291
352     286
350     283
353     280
355     278
355     273
355     270
354     267
352     268
349     275
355     284
344     301
346     303
339     302
350     313
363     313
365     304
372     307
367     332
370     336
373     341
357     333
339     327
316     280
309     262
302     259
305     249
304     244
304     243
301     244
311     249
289     241
283     237
273     285
343     235
361     250
364     247
370     250
373     246
376     248
370     244
375     238
374     256
395     259
399     265
398     269
399     275
397     280
401     280
402     281
403     282
391     270
406     247
420     245
438     217
440     216
446     213
446     213
450     216
457     213
456     209
453     204
453     201
449     203
442     203
442     202
437     200
441     195
439     193
437     190
437     180
436     169
446     170
448     167
447     162
444     161
443     160
444     156
445     154
441     155
443     149
443     144
442     144
441     142
443     138
443     132
443     131
436     130
436     129
436     135
444     120
449     123
455     127
461     131
462     132
466     133
473     132
472     129
476     125
476     120
480     121
480     115
479     114
476     113
479     107
476     103
478     99
479     97
481     95
486     100
492     93
491     88
488     83
490     81
483     81
482     79
477     75
482     72
484     69
498     72
501     70
501     69
503     69
504     73
506     73
510     79
516     78
517     81
524     77
517     71
534     70
539     69
539     75
537     77
539     82
547     79
546     75
551     81
555     82
554     75
557     73
555     68
562     70
564     76
566     79
566     85
564     87
572     86
576     86
574     78
573     77
578     77
580     75
582     76
568     96
565     99
567     102
563     107
560     109
559     113
564     111
568     118
567     119
565     121
568     122
574     120
576     117
577     114
574     114
577     109
583     114
583     119
582     124
584     129
580     136
578     143
580     144
581     146
573     158
573     159
575     160
575     162
583     163
583     170
583     176
581     178
575     181
573     186
578     189
579     193
577     195
576     196
574     207
574     208
571     211
562     212
560     215
557     212
552     216
545     216
543     213
545     211
544     210
545     207
549     206
552     207
552     204
558     203
558     195
559     193
562     194
562     188
557     188
553     189
552     183
551     182
547     181
545     179
546     174
542     173
540     172
539     172
545     168
538     162
532     165
530     161
527     167
521     163
515     167
516     170
511     164
513     161
511     160
512     157
507     159
506     161
506     164
507     172
509     178
505     179
503     177
502     176
502     181
507     183
507     186
508     189
512     186
513     192
516     195
518     195
518     194
520     191
526     190
529     189
525     187
524     184
524     179
522     179
519     184
528     181
528     178
527     175
530     175
534     182
538     185
541     189
541     194
534     196
532     194
537     201
541     206
547     199
550     196
558     183
553     177
560     171
560     167
555     164
559     157
561     153
561     151
558     151
559     147
558     146
564     146
562     139
560     137
560     135
556     132
555     133
550     133
550     136
553     140
551     143
547     144
544     144
544     143
544     146
542     153
540     155
532     152
525     154
518     154
516     151
513     145
514     141
513     140
516     141
517     141
517     139
514     136
515     131
516     130
511     129
509     124
514     122
517     122
520     120
522     118
523     114
517     113
516     112
520     108
518     104
523     101
524     103
531     108
533     104
532     95
534     92
538     93
543     95
544     95
549     92
549     86
555     94
558     102
558     103
556     104
555     105
554     104
548     102
548     101
550     110
553     111
541     115
541     120
538     121
540     124
534     128
534     133
538     132
541     136
543     131
553     128
562     127
565     130
570     129
570     129
572     131
573     127
575     101
581     101
531     86
526     88
522     88
510     94
506     93
504     91
500     86
498     86
497     88
498     96
507     97
508     101
502     107
501     107
496     106
495     112
490     112
488     115
483     114
490     123
488     125
494     125
499     124
500     121
504     117
502     115
510     111
503     131
502     133
495     137
494     135
491     137
492     130
481     127
477     140
476     142
472     141
472     138
473     138
476     147
471     155
478     158
476     162
476     164
471     164
472     172
470     172
464     173
457     172
453     169
452     172
453     176
450     176
448     178
449     182
453     181
458     180
459     182
462     181
456     189
458     192
463     192
465     192
470     191
473     192
479     193
485     192
489     189
493     193
497     186
502     189
495     180
496     176
495     172
497     166
499     159
500     157
503     156
500     152
501     147
495     150
493     150
489     151
487     143
508     148
509     152
528     141
533     139
528     135
563     155
565     157
571     170
571     172
566     202
583     207
578     217
538     217
533     211
531     207
522     207
516     208
508     209
508     212
507     212
503     213
499     213
495     210
494     214
492     214
484     215
482     210
486     207
486     207
486     202
485     198
484     198
474     209
478     213
463     200
458     203
435     209
476     183
485     168
460     162
453     159
450     155
449     153
450     151
453     152
455     151
453     147
457     141
457     140
462     139
461     154
459     154
462     121
460     119
460     115
458     111
455     114
454     113
453     113
449     112
448     105
451     102
448     99
443     92
438     99
436     101
439     114
454     106
460     102
466     104
469     107
463     108
466     119
466     120
466     120
470     96
470     94
474     92
473     86
471     83
470     83
472     80
476     82
467     78
466     76
465     77
464     79
465     80
466     80
458     76
454     78
454     72
457     70
455     68
447     72
443     76
439     72
441     69
435     73
438     81
438     84
456     85
465     68
499     80
500     77
522     198
502     202
253     98
251     92
249     89
248     88
248     87
243     90
242     90
248     81
252     82
254     84
255     82
113     85
110     82