2000
282 275
273 285
280 281
281 282
282 284
284 287
284 292
278 295
276 299
282 301
288 298
295 296
296 292
299 299
301 298
303 303
305 305
304 308
304 308
304 312
303 312
303 312
302 313
301 315
299 316
290 314
286 307
284 307
279 305
274 310
287 317
282 322
280 317
271 323
276 326
276 328
276 332
273 332
273 337
271 338
273 338
277 344
277 343
277 336
282 332
283 331
287 326
291 326
288 331
291 345
282 344
277 352
279 358
276 361
280 363
283 364
276 366
273 368
280 373
280 374
280 375
279 378
273 382
275 382
279 382
293 383
301 384
300 378
305 371
305 369
300 367
295 375
292 375
287 370
286 361
301 356
307 357
302 350
311 348
315 344
309 343
306 345
302 347
299 342
296 337
301 332
302 332
301 327
306 320
304 331
307 336
310 333
311 331
315 333
314 331
312 325
325 325
330 330
327 333
333 341
318 356
317 360
310 364
311 366
314 368
316 368
324 369
328 366
325 358
333 355
333 352
341 343
342 342
340 337
344 333
339 332
334 332
339 327
347 327
349 324
351 323
356 321
361 319
363 319
363 313
368 317
370 320
367 332
370 336
357 333
350 338
344 342
349 345
350 346
355 347
357 351
359 349
364 344
363 347
362 360
363 362
367 364
367 368
364 374
361 369
361 365
360 365
354 358
349 356
339 357
334 369
328 372
327 379
325 383
330 377
332 379
334 379
338 372
342 368
347 366
351 366
347 372
349 373
349 378
358 384
370 384
375 383
379 382
385 384
385 369
383 368
388 361
379 362
377 359
376 364
371 365
369 359
371 356
370 352
372 351
373 341
382 349
389 356
391 356
397 356
397 358
404 358
405 361
401 364
392 365
393 367
394 369
397 369
396 373
395 374
393 379
400 379
401 375
404 379
405 384
407 383
408 383
414 383
464 403
464 404
470 405
470 403
475 403
485 404
488 406
491 404
491 401
499 404
508 399
512 407
523 413
526 411
529 416
524 420
523 417
517 415
516 416
509 414
506 412
500 411
495 409
495 407
492 409
491 411
494 417
498 418
495 418
489 421
488 422
487 425
478 420
478 417
484 413
479 412
476 412
472 414
471 411
470 412
465 418
459 416
466 429
465 435
460 433
460 448
467 443
473 442
474 443
476 430
482 428
482 431
484 431
485 431
488 432
493 429
492 433
492 434
492 434
495 436
495 432
505 424
511 428
509 434
508 434
509 438
503 437
498 438
496 440
492 440
486 448
482 447
477 442
475 447
475 453
481 453
491 457
496 460
505 462
509 462
510 467
517 468
518 461
511 459
506 455
506 453
502 451
507 449
515 447
520 451
517 455
522 462
520 467
523 470
528 466
528 466
539 466
536 478
535 482
528 482
522 477
515 477
510 479
507 483
506 482
503 473
501 469
503 465
500 465
491 462
491 462
477 457
476 464
481 467
485 468
486 475
472 476
477 468
473 465
472 459
459 455
465 460
466 464
469 471
462 474
470 479
470 484
475 485
468 493
467 498
462 494
459 500
460 511
461 510
464 506
468 507
472 505
471 509
475 511
475 516
476 512
480 509
481 499
479 496
483 492
484 498
487 513
490 513
488 515
487 515
486 514
487 519
482 517
480 526
479 526
476 523
471 525
469 525
466 515
466 521
465 528
463 532
464 534
461 537
471 537
474 536
476 534
481 531
483 530
485 531
487 530
487 536
490 536
493 534
501 539
502 534
500 532
499 527
496 526
496 515
503 516
504 510
505 508
505 508
498 501
497 495
492 490
499 485
502 492
510 491
519 495
524 494
529 502
528 503
523 507
532 507
533 498
533 497
547 502
550 502
554 501
554 495
557 496
561 496
563 496
569 505
558 507
551 506
542 509
542 513
550 511
551 510
551 513
554 519
567 523
560 523
559 524
553 527
550 526
549 526
549 526
550 528
547 527
544 522
539 529
529 528
529 526
532 522
535 521
533 518
528 515
510 525
507 526
505 531
510 531
513 529
516 539
519 535
531 536
535 539
539 539
547 535
556 531
554 535
555 536
558 536
559 539
578 539
573 532
574 531
574 528
574 522
575 520
578 521
581 526
582 529
586 522
592 517
595 518
587 535
596 538
599 532
602 531
601 522
599 520
598 514
603 512
603 510
601 510
601 500
597 496
604 497
603 493
600 492
595 492
595 488
605 481
607 480
602 478
598 482
595 481
590 478
590 482
592 488
589 491
589 493
591 498
596 506
587 503
579 506
580 512
575 516
573 505
577 499
579 494
578 493
583 492
577 487
575 486
570 484
563 484
562 488
559 487
558 486
553 483
553 486
552 487
548 485
546 485
544 485
548 475
555 472
550 472
549 470
549 468
548 468
545 454
529 456
529 453
528 447
522 447
521 445
516 446
516 444
517 440
523 440
525 432
530 428
530 428
533 430
540 438
540 440
545 437
554 437
552 440
555 445
556 447
552 450
553 454
551 459
550 462
552 462
555 466
559 465
560 468
560 472
564 476
565 476
566 478
570 475
574 476
578 472
580 477
584 479
587 474
590 472
595 474
605 471
606 467
604 466
608 462
608 460
600 455
604 453
607 450
602 446
603 443
598 437
597 439
594 442
590 446
594 448
598 450
592 450
592 454
595 457
597 460
599 461
595 465
595 461
588 459
584 455
579 461
573 464
573 466
567 461
566 458
563 463
560 460
561 454
563 451
567 450
568 453
569 450
568 449
570 447
562 447
560 450
558 447
557 443
559 434
564 425
566 431
567 433
570 441
571 439
576 433
583 437
578 439
580 447
585 447
585 440
592 429
595 424
608 429
606 427
601 422
598 414
595 413
591 421
590 422
589 414
597 408
601 413
602 415
603 416
603 416
607 415
607 396
605 395
600 390
594 393
588 392
590 394
594 399
600 397
598 403
590 407
587 412
584 414
578 421
575 420
562 419
558 425
550 425
543 428
538 422
535 410
536 410
545 417
546 415
545 412
553 408
554 411
558 413
559 412
561 412
564 415
568 408
566 407
564 404
564 407
563 408
558 410
556 407
560 402
573 396
574 394
563 394
559 391
553 398
551 396
541 398
541 397
541 396
539 394
540 392
535 391
530 390
529 394
527 396
537 398
535 403
527 400
523 398
520 400
520 402
518 401
516 399
514 390
505 390
504 391
492 390
482 398
479 395
477 391
467 396
460 396
459 391
459 390
418 370
411 372
410 379
407 374
410 369
415 360
419 357
415 355
419 346
419 344
408 348
404 344
402 343
401 335
407 330
416 337
414 333
414 326
407 327
411 322
414 321
420 319
420 317
420 311
419 310
414 314
412 318
407 305
410 302
416 300
406 292
404 292
404 292
403 288
407 286
407 287
413 293
416 291
418 291
414 288
411 281
418 269
412 266
410 266
414 264
414 255
413 248
420 245
438 217
440 216
446 213
446 213
450 216
457 213
474 209
478 213
484 215
482 210
486 207
486 207
492 214
494 214
495 210
499 213
503 213
507 212
508 212
508 209
502 202
486 202
485 198
484 198
479 193
485 192
489 189
493 193
502 189
497 186
495 180
496 176
495 172
485 168
497 166
502 176
503 177
505 179
502 181
507 186
508 189
513 192
516 195
518 194
518 195
516 208
522 207
522 198
520 191
512 186
507 183
509 178
507 172
506 164
506 161
511 164
515 167
516 170
521 163
527 167
527 175
524 179
522 179
519 184
524 184
525 187
526 190
529 189
532 194
534 196
537 201
547 199
550 196
552 204
552 207
549 206
545 207
541 206
531 207
533 211
538 217
545 216
543 213
544 210
545 211
552 216
560 215
557 212
558 203
558 195
559 193
562 194
566 202
562 212
571 211
574 207
574 208
578 217
583 207
576 196
577 195
579 193
578 189
581 178
583 176
583 170
583 163
575 162
575 160
573 159
573 158
565 157
563 155
561 153
559 157
555 164
545 168
539 172
540 172
542 173
546 174
545 179
547 181
551 182
552 183
558 183
553 177
560 171
560 167
571 170
571 172
575 181
573 186
562 188
557 188
553 189
541 194
541 189
538 185
534 182
528 181
528 178
530 175
532 165
538 162
540 155
542 153
544 146
544 144
544 143
547 144
551 143
558 151
561 151
564 146
559 147
558 146
553 140
550 136
550 133
553 128
555 133
556 132
560 135
560 137
562 139
562 127
565 130
570 129
570 129
572 131
578 143
581 146
580 144
580 136
584 129
582 124
573 127
568 122
565 121
567 119
568 118
574 120
583 119
583 114
577 114
576 117
574 114
564 111
563 107
567 102
565 99
568 96
575 101
577 109
581 101
572 86
576 86
582 76
580 75
578 77
574 78
573 77
566 79
564 76
562 70
555 68
557 73
554 75
566 85
564 87
555 94
558 102
558 103
556 104
554 104
555 105
560 109
559 113
553 111
550 110
548 102
548 101
549 92
544 95
543 95
538 93
534 92
531 86
537 77
539 75
539 82
549 86
555 82
551 81
547 79
546 75
539 69
534 70
524 77
522 88
526 88
532 95
533 104
541 115
541 120
538 121
540 124
534 128
538 132
543 131
541 136
534 133
528 135
533 139
528 141
532 152
530 161
525 154
518 154
512 157
513 161
511 160
507 159
503 156
499 159
500 157
500 152
495 150
493 150
489 151
476 147
472 141
472 138
473 138
472 129
473 132
477 140
476 142
487 143
491 137
495 137
494 135
492 130
494 125
499 124
503 131
502 133
501 147
508 148
509 152
516 151
513 145
513 140
514 141
516 141
517 141
517 139
514 136
515 131
516 130
511 129
509 124
514 122
517 122
520 120
522 118
523 114
517 113
516 112
520 108
531 108
524 103
523 101
518 104
508 101
507 97
510 94
506 93
504 91
498 96
492 93
497 88
498 86
500 86
499 80
500 77
504 73
506 73
510 79
517 81
516 78
517 71
503 69
501 69
501 70
498 72
484 69
482 72
477 75
482 79
483 81
488 83
490 81
491 88
486 100
481 95
479 97
478 99
479 107
476 103
470 96
470 94
474 92
456 85
464 79
465 80
466 80
470 83
471 83
473 86
476 82
472 80
467 78
465 77
466 76
465 68
457 70
455 68
454 72
458 76
454 78
447 72
443 76
441 69
439 72
435 73
438 81
438 84
443 92
438 99
436 101
439 114
444 120
449 123
455 127
460 119
460 115
455 114
454 113
453 113
449 112
448 105
448 99
451 102
454 106
460 102
458 111
463 108
466 104
469 107
476 113
479 114
480 115
483 114
488 115
490 112
495 112
496 106
501 107
502 107
510 111
502 115
504 117
500 121
490 123
488 125
481 127
476 125
480 121
476 120
466 119
466 120
466 120
462 121
461 131
462 132
466 133
462 139
457 140
457 141
443 138
443 132
443 131
436 129
436 130
436 135
441 142
442 144
443 144
443 149
445 154
444 156
441 155
443 160
444 161
447 162
448 167
446 170
436 169
437 180
449 182
453 181
453 176
448 178
450 176
452 172
453 169
457 172
460 162
453 159
450 155
449 153
450 151
453 147
453 152
455 151
459 154
461 154
471 155
478 158
476 162
476 164
471 164
464 173
470 172
472 172
476 183
473 192
470 191
465 192
463 192
462 181
458 180
459 182
456 189
458 192
463 200
458 203
456 209
453 204
453 201
449 203
441 195
439 193
437 190
437 200
442 202
442 203
435 209
413 240
411 237
410 237
407 240
406 241
406 247
407 253
406 257
403 261
405 265
406 267
399 265
395 259
390 254
392 251
397 253
400 251
399 246
398 245
396 242
393 236
390 243
390 245
389 245
386 244
385 243
387 240
386 238
375 238
370 244
373 246
376 248
374 256
364 265
371 270
373 271
376 268
378 280
382 273
384 268
385 266
384 259
391 270
398 269
399 275
401 280
402 281
403 282
397 280
394 279
392 278
393 279
394 283
394 283
388 282
388 281
386 281
380 282
378 285
377 293
379 298
380 301
382 299
383 302
381 306
383 312
385 318
386 318
394 312
394 311
391 306
388 307
390 301
389 296
397 295
399 305
399 305
403 303
405 311
403 313
398 316
399 319
398 325
395 327
399 332
396 337
394 339
388 343
390 337
394 334
382 328
378 324
372 307
365 304
362 296
359 295
359 298
354 301
353 297
349 296
347 293
346 294
344 301
346 303
350 313
342 311
340 311
338 315
333 314
332 315
329 309
322 300
322 296
323 290
318 289
317 292
320 298
318 302
313 310
311 307
312 297
312 292
316 280
324 288
332 288
336 292
333 293
329 300
336 312
338 309
339 302
340 293
337 288
339 286
337 285
332 284
331 274
320 270
322 268
335 258
337 262
339 270
337 278
349 275
355 273
355 278
353 280
350 283
355 284
352 286
344 290
346 291
356 291
356 289
360 290
363 294
365 292
370 290
370 283
369 281
365 281
365 273
361 272
355 270
352 268
354 267
360 260
365 258
370 250
364 247
361 250
351 247
349 249
354 252
357 256
350 259
348 257
346 256
344 257
344 252
345 251
348 244
346 244
344 244
345 243
343 235
336 237
333 237
338 242
332 243
330 241
327 238
321 245
324 246
333 250
327 253
324 257
321 261
314 269
307 273
304 271
303 272
303 274
301 278
305 283
301 284
294 280
292 284
287 281
289 269
291 268
286 264
281 266
276 269
274 265
276 264
273 261
272 249
278 245
285 251
286 252
289 254
290 253
292 247
293 243
296 252
297 256
297 259
296 265
299 263
302 259
309 262
305 249
301 244
304 243
304 244
311 249
314 236
311 237
309 237
304 237
300 236
299 236
296 235
295 239
293 240
289 241
283 237
271 237
246 223
233 230
237 224
240 221
238 218
246 216
247 210
252 206
254 203
255 202
251 203
250 192
246 201
243 199
238 200
239 196
240 193
235 193
234 191
230 192
230 189
232 187
232 186
231 180
228 172
231 165
221 164
220 166
219 180
220 181
224 182
218 188
214 187
214 189
218 191
219 192
215 192
212 191
211 193
208 190
194 184
199 194
199 195
201 200
207 197
209 199
209 199
209 199
205 205
203 208
201 208
200 208
198 211
198 214
201 214
213 206
213 201
215 202
221 204
220 208
223 206
229 203
237 205
230 210
230 215
225 216
221 217
219 212
218 212
215 213
212 215
211 217
212 218
200 221
187 230
178 221
183 221
185 218
181 215
189 212
186 203
186 200
184 199
179 196
181 202
182 204
183 205
178 210
178 214
170 211
170 218
166 222
164 221
165 219
162 216
167 214
168 211
170 210
173 208
169 196
163 196
162 199
152 201
152 198
154 195
150 192
149 194
143 195
135 197
138 204
140 205
144 204
149 204
149 205
150 213
149 222
144 227
141 222
133 225
127 229
119 230
110 230
114 227
116 221
107 217
106 205
117 204
121 203
127 198
126 200
125 202
114 208
119 215
122 213
127 221
132 222
128 215
130 211
137 210
134 200
133 196
135 191
132 177
126 183
122 182
122 182
119 181
118 183
113 188
114 191
112 189
110 187
110 184
109 184
109 180
110 179
109 178
107 176
113 174
112 170
112 165
109 160
107 159
109 156
108 150
112 142
107 140
106 135
106 127
110 130
112 135
116 131
113 125
117 122
119 116
121 121
126 124
122 130
125 138
122 137
122 138
121 145
122 146
117 148
119 155
121 155
117 163
115 163
117 171
119 178
123 181
124 181
124 179
122 176
122 171
123 170
126 171
126 165
127 157
131 158
133 155
134 153
144 154
140 166
139 167
136 164
132 166
134 167
137 172
139 174
142 188
146 183
147 179
150 176
150 177
151 181
159 182
159 185
158 187
159 188
164 188
165 180
165 180
166 178
174 175
174 183
170 185
178 188
181 189
183 191
183 191
185 191
186 189
190 180
196 176
197 170
187 179
182 173
188 163
188 163
186 162
174 166
167 172
166 173
165 171
165 168
163 168
161 166
154 165
157 169
159 172
154 173
149 174
147 170
144 171
145 166
150 161
157 159
162 155
164 155
166 153
163 142
153 143
153 144
149 154
150 145
147 141
143 142
139 149
135 150
126 149
129 145
137 139
135 134
143 135
146 136
152 131
151 124
148 122
142 122
142 124
142 125
140 128
138 125
135 123
135 121
130 115
134 112
142 108
140 103
126 110
121 108
112 113
116 105
115 102
111 101
107 102
114 92
110 82
113 85
119 86
119 83
121 81
125 82
134 83
124 86
125 90
117 93
127 103
143 89
144 94
148 95
149 95
151 86
154 81
162 83
161 84
159 86
159 87
160 95
165 89
170 91
174 89
180 81
181 82
182 82
182 88
183 88
186 88
186 90
186 91
189 98
180 93
177 92
177 98
180 106
183 107
190 105
195 113
212 115
216 113
217 113
213 110
211 102
209 99
202 100
199 101
211 83
215 90
215 92
213 94
220 93
222 95
223 92
221 88
223 86
233 83
238 85
240 82
248 81
252 82
255 82
254 84
248 87
248 88
249 89
251 92
253 98
243 90
242 90
235 91
233 94
228 97
227 98
222 100
218 99
218 104
218 107
226 105
227 106
228 106
235 96
239 97
242 100
243 102
243 106
240 110
237 112
240 115
241 113
248 110
249 119
251 120
248 124
248 124
248 125
247 129
244 128
241 128
242 133
241 137
238 138
237 135
231 137
229 136
232 127
228 124
223 131
222 131
217 130
213 132
215 132
222 133
223 135
226 137
225 141
221 139
214 138
208 142
205 137
205 134
202 132
202 133
197 135
201 128
193 121
188 123
187 125
186 116
185 112
184 109
182 108
178 108
175 109
171 110
168 101
164 105
161 102
154 98
156 105
160 114
162 116
163 117
159 120
158 122
163 124
161 133
164 137
169 127
170 124
169 118
179 124
179 124
170 130
172 137
172 139
181 139
181 138
187 136
188 136
183 142
184 151
184 151
190 149
191 145
195 141
195 153
199 153
205 161
206 167
202 170
203 171
205 174
206 178
209 174
214 172
215 162
211 156
211 151
209 150
216 141
220 146
221 149
217 157
223 161
224 160
227 157
229 157
242 151
238 141
242 144
246 143
249 149
252 155
248 159
245 170
242 178
243 180
253 183
246 174
