2000
324 216
324 201
322 200
323 198
321 195
318 200
307 203
303 198
289 196
287 187
294 180
290 175
286 176
283 179
273 187
268 193
261 197
263 201
261 200
254 200
252 194
256 181
254 178
248 175
242 174
252 173
255 169
256 177
261 182
262 186
267 188
274 182
279 176
276 173
270 168
279 163
285 158
288 153
276 148
272 98
273 93
275 88
278 80
278 80
284 80
285 76
281 75
273 80
272 81
272 82
271 87
272 89
271 90
270 90
269 88
265 91
263 89
267 87
263 82
256 85
254 85
251 82
245 77
237 79
231 93
237 98
234 100
221 102
206 97
203 98
194 95
189 96
186 97
183 105
186 109
190 110
184 116
180 118
176 117
175 116
180 116
185 111
182 108
175 107
175 106
169 106
164 107
165 110
164 112
157 112
160 114
161 119
159 124
164 119
164 121
169 128
162 133
159 135
147 128
145 131
144 134
140 141
131 137
130 138
114 136
112 145
107 145
112 150
111 153
111 153
114 151
115 151
124 150
126 151
130 149
143 158
133 166
131 170
132 163
131 159
121 162
117 165
117 166
115 166
114 164
115 161
109 166
108 172
105 167
102 164
99 164
95 163
91 165
92 166
96 167
95 169
97 171
100 174
102 182
106 184
107 182
111 185
111 178
116 172
123 175
121 178
128 187
117 183
115 189
108 197
107 197
113 205
107 208
105 204
101 204
97 205
97 208
91 210
92 206
94 204
95 204
90 200
97 201
97 197
98 196
100 194
100 190
100 189
102 187
99 185
97 189
97 189
94 187
89 193
87 191
85 194
80 198
79 202
82 205
86 204
85 205
85 206
83 207
82 209
78 209
74 213
70 215
78 218
78 225
84 224
87 223
94 221
102 217
97 225
102 227
144 252
152 260
157 274
162 272
168 281
173 284
173 276
183 268
174 262
180 253
181 242
186 247
188 247
195 247
197 241
195 240
195 237
201 234
196 228
199 228
202 230
215 222
206 219
205 215
200 212
198 208
205 202
208 213
210 213
213 213
219 207
226 203
231 210
236 208
238 210
240 204
241 198
238 196
234 193
225 187
224 187
221 189
214 191
223 186
224 176
231 186
240 185
247 200
249 206
245 209
242 210
251 217
257 222
260 231
244 229
241 219
239 215
232 213
228 212
224 213
222 213
226 221
227 225
231 226
231 227
226 229
228 231
229 248
229 249
224 259
215 269
202 266
215 265
220 256
221 247
221 229
221 227
218 227
211 231
212 235
210 236
207 236
204 241
203 247
204 248
208 256
200 253
196 254
195 259
187 272
190 285
187 285
187 287
187 290
185 292
178 289
167 301
159 304
169 305
169 304
174 302
176 307
181 312
184 314
190 319
186 325
188 331
185 336
177 338
174 337
173 344
163 334
162 329
172 331
177 336
182 329
182 321
179 319
177 317
173 315
170 313
164 317
151 322
153 335
152 350
170 363
172 363
185 364
189 363
181 368
181 376
182 379
177 382
175 387
166 394
160 393
158 409
164 405
171 404
180 401
187 404
185 406
187 413
188 413
185 424
182 433
178 435
178 438
187 438
188 436
191 436
199 434
214 424
215 430
211 437
212 447
220 450
222 451
226 448
231 442
235 441
244 438
241 449
236 457
236 462
246 471
259 468
260 468
260 454
260 453
258 451
250 458
247 457
251 449
259 449
264 445
269 454
273 452
278 465
274 473
272 476
263 476
259 474
258 473
259 478
259 479
259 485
261 482
280 480
285 480
285 478
303 472
307 466
308 467
311 473
317 482
326 486
309 485
291 479
288 485
291 488
298 496
311 498
325 503
330 498
338 506
352 501
354 500
355 493
356 496
365 505
365 502
370 498
368 489
366 480
366 475
350 481
332 472
332 471
344 472
349 468
356 469
362 468
370 467
367 476
372 478
370 483
385 490
397 478
388 475
389 465
393 465
401 466
408 481
411 479
419 470
424 485
422 499
444 490
450 487
453 494
460 503
461 506
466 501
475 507
469 492
470 489
469 486
467 482
472 481
476 473
465 468
446 471
458 463
473 464
480 463
481 463
481 465
481 465
483 465
486 461
477 453
485 453
493 459
496 455
496 453
494 449
492 447
498 448
503 443
503 441
504 440
509 437
512 433
522 426
514 421
514 425
501 429
490 435
488 439
487 439
490 427
498 423
505 425
508 422
510 416
505 409
506 408
514 409
517 406
526 394
525 388
524 387
527 378
519 380
514 373
518 368
525 374
529 377
529 379
532 387
529 390
531 396
538 389
536 379
534 377
536 373
537 368
532 357
533 351
524 345
529 334
530 332
534 329
537 328
536 327
531 321
528 311
528 310
531 308
533 307
533 306
530 304
529 298
527 296
527 290
529 284
531 286
532 294
538 300
535 306
544 308
548 315
542 313
541 313
537 311
532 318
537 320
541 324
541 334
545 334
552 338
554 335
548 325
556 323
561 327
568 323
568 321
564 317
566 308
566 307
564 309
563 310
560 308
559 303
565 299
568 296
565 290
561 285
560 283
553 282
547 290
546 293
546 290
545 289
540 289
550 281
547 277
546 273
548 275
553 274
555 274
563 275
564 270
562 266
558 255
558 251
554 249
552 258
540 255
536 258
536 261
534 262
539 265
537 267
539 271
541 272
540 278
536 278
532 278
528 276
527 273
525 273
523 269
513 264
520 263
522 259
529 261
529 256
523 252
514 247
512 242
509 230
496 223
507 217
508 212
502 201
486 190
484 182
487 171
488 171
489 169
489 157
484 156
482 157
473 159
469 153
475 153
476 152
483 146
482 145
474 142
464 142
456 133
465 132
462 128
466 125
470 124
472 118
469 114
472 111
476 111
476 117
476 124
468 127
468 132
471 130
472 132
475 132
475 133
472 136
481 139
484 141
488 144
492 146
492 150
490 147
484 148
488 153
492 158
495 163
499 168
506 168
509 169
511 170
505 163
504 162
500 159
501 157
501 152
503 144
505 142
502 141
493 138
486 132
492 131
491 130
489 119
491 111
491 109
486 111
484 112
483 112
482 107
478 102
472 104
468 103
464 104
463 106
461 106
462 108
458 109
460 110
460 113
461 115
462 117
464 119
463 121
460 119
455 121
447 120
442 114
441 114
439 115
432 112
430 109
437 109
447 100
443 94
442 95
432 94
434 89
428 85
419 84
418 79
411 76
412 68
416 63
406 55
405 52
406 48
403 47
398 54
399 55
402 59
404 63
403 71
400 71
398 80
406 88
408 97
416 94
425 96
430 101
421 101
403 104
391 96
385 89
384 83
374 83
362 83
359 88
362 96
353 94
357 86
355 83
353 74
362 71
364 75
370 73
366 72
361 64
364 61
357 55
356 51
352 49
353 51
352 55
351 54
346 52
342 40
350 44
360 47
367 41
368 39
375 49
380 54
380 59
375 59
376 60
377 66
372 66
371 67
372 70
382 77
386 78
391 86
393 84
393 83
392 80
394 73
400 68
397 63
398 62
389 55
394 51
391 38
401 36
411 45
413 51
423 43
422 50
422 63
419 68
421 70
422 71
419 72
420 75
421 81
434 79
436 78
438 75
438 76
435 82
439 81
439 81
442 83
440 87
443 93
444 94
451 95
452 94
450 94
447 89
450 84
454 84
454 79
453 74
454 69
451 72
450 71
442 62
441 59
442 59
462 51
461 67
462 72
463 78
463 85
464 93
460 94
457 93
457 97
457 99
469 99
470 99
470 94
469 94
470 87
475 92
472 93
473 99
479 98
492 94
502 106
506 106
509 114
502 116
503 121
500 125
496 128
502 132
508 130
511 135
505 135
507 141
520 142
525 142
513 147
510 151
503 156
506 158
509 160
517 161
518 159
524 158
529 156
525 160
524 170
522 173
514 175
511 179
511 184
515 184
520 187
519 183
524 179
525 177
529 186
531 190
533 189
534 191
539 189
538 184
535 180
536 176
534 173
538 173
546 165
545 176
542 181
545 189
540 198
533 197
535 199
538 204
549 205
549 197
554 194
552 200
566 206
564 214
564 215
566 225
554 215
552 215
548 216
546 216
546 218
545 222
547 231
546 233
534 235
533 231
537 227
543 222
541 216
534 211
530 207
527 211
527 209
527 208
525 202
522 199
524 199
527 197
525 195
525 194
523 191
516 193
510 191
507 187
510 186
509 184
508 180
506 177
499 177
499 175
497 168
493 167
490 175
491 183
496 188
499 190
503 194
505 200
509 204
511 205
514 207
515 206
517 205
515 208
516 213
511 213
508 224
517 226
521 233
525 234
523 237
524 242
525 249
534 243
538 247
545 243
547 244
547 244
555 244
555 241
568 238
568 244
567 247
568 254
568 254
571 258
569 267
565 267
570 276
573 284
567 283
566 286
570 293
583 294
583 306
577 304
569 317
574 325
567 328
572 336
579 337
576 343
577 345
573 351
565 363
564 360
566 338
561 343
548 343
540 345
552 362
553 374
555 380
556 389
549 379
541 383
546 390
541 392
538 394
535 398
534 399
533 400
527 399
523 409
518 409
513 412
520 416
522 419
530 421
531 420
533 413
540 412
539 416
539 416
540 417
540 418
542 421
536 423
526 423
524 428
524 429
533 434
541 434
545 426
545 417
546 411
550 406
541 404
544 402
546 397
551 400
560 399
562 397
563 407
572 413
559 418
556 422
550 426
545 434
539 436
539 437
536 439
534 441
539 444
538 454
524 442
522 442
523 436
519 433
513 443
511 441
508 442
505 446
505 446
505 448
503 454
497 458
496 458
498 460
492 462
491 465
490 468
487 470
482 469
481 471
482 475
484 479
489 487
489 489
492 490
495 487
496 486
501 482
499 478
499 478
495 477
493 478
493 478
491 474
497 474
509 474
507 469
504 469
503 468
504 466
511 460
512 457
516 456
516 454
518 455
519 458
519 464
528 476
518 475
511 485
508 483
506 481
504 490
499 496
497 492
491 496
487 495
485 496
485 496
485 484
482 480
479 481
475 488
475 490
477 495
479 501
493 513
480 511
472 515
458 514
460 506
458 507
452 505
453 502
436 500
435 503
436 507
424 510
422 508
409 501
402 499
413 497
416 491
416 486
401 484
398 490
392 500
383 503
381 512
373 512
363 515
361 504
348 509
338 515
327 513
319 512
316 513
316 516
302 516
301 512
293 503
288 490
285 487
285 486
279 491
279 491
268 493
261 492
256 488
254 488
252 492
251 485
251 482
243 487
235 479
232 475
228 477
221 473
229 470
233 460
231 452
229 449
222 462
215 464
215 456
214 453
208 443
200 438
198 438
192 443
203 456
209 464
203 463
199 462
191 465
189 448
187 447
177 446
176 447
170 457
166 441
171 439
170 430
180 422
181 419
181 415
169 414
168 418
167 419
164 418
160 418
163 427
153 426
153 425
150 416
141 412
146 404
145 401
142 401
142 398
140 395
139 386
159 385
170 386
173 381
171 368
158 369
154 365
146 361
143 363
143 360
142 347
142 339
145 329
140 325
144 319
140 318
140 313
149 316
150 314
149 306
141 293
143 283
143 283
147 287
157 286
162 287
163 285
151 274
146 258
98 232
90 238
73 246
73 254
54 240
53 225
58 229
70 239
80 240
90 233
93 229
86 225
81 229
71 223
68 217
60 213
59 212
47 209
62 210
70 205
74 203
72 201
74 199
78 195
79 188
75 186
71 189
71 184
74 182
72 181
72 180
70 173
74 172
79 168
79 170
77 177
77 177
79 184
84 190
90 186
93 180
94 177
96 176
89 172
87 171
86 164
77 158
83 150
84 142
87 155
90 157
96 161
101 162
101 162
106 161
109 156
106 149
101 153
98 150
99 148
97 142
100 140
95 133
108 137
114 135
108 125
122 125
119 123
113 110
124 108
129 121
129 122
128 122
128 128
123 127
122 132
135 133
135 132
143 126
152 121
153 115
151 112
156 106
156 100
152 99
145 99
142 109
143 113
144 116
146 119
135 112
134 103
125 95
125 92
127 91
144 99
149 94
149 92
147 89
147 88
146 86
140 87
141 73
150 81
150 83
150 83
153 84
161 89
157 92
154 92
155 93
154 97
158 100
162 108
163 105
166 104
168 97
177 99
177 101
182 100
178 94
185 92
189 92
189 88
193 83
193 87
196 90
200 93
206 92
202 88
204 84
205 83
209 90
211 92
216 92
217 93
223 83
216 83
216 81
213 77
207 75
202 69
197 74
182 73
181 73
179 79
172 81
173 84
167 92
163 77
163 76
172 69
173 67
172 65
159 54
172 50
183 64
181 68
194 69
196 68
196 65
199 63
198 60
201 49
204 58
206 61
207 61
211 62
209 59
211 52
215 56
220 55
220 53
226 53
224 60
221 61
223 63
226 63
226 68
226 69
225 72
224 74
227 77
232 70
238 59
240 55
242 49
244 51
248 52
241 57
246 61
255 56
254 60
258 73
259 76
270 75
271 75
274 75
282 71
289 76
288 79
289 89
292 84
294 83
295 82
291 78
290 76
291 68
296 70
295 68
297 65
298 67
302 68
303 71
308 73
312 77
311 72
311 66
317 63
323 62
321 60
317 53
315 56
308 56
303 57
304 60
302 59
299 59
289 62
285 59
279 59
275 60
266 64
265 65
265 59
265 50
267 50
272 53
276 53
276 46
280 46
281 43
287 47
290 51
295 44
299 44
297 51
299 52
299 53
302 54
302 52
304 52
307 52
312 43
313 43
315 42
320 45
327 50
332 54
336 63
337 67
348 61
352 64
346 67
346 69
346 71
336 73
333 66
328 66
325 70
326 73
327 73
330 77
333 79
339 80
340 80
342 91
339 94
334 98
320 93
323 85
320 83
317 88
314 85
314 83
310 82
310 83
310 85
304 85
306 87
308 88
309 94
297 97
302 151
304 153
309 151
319 159
311 163
317 173
316 177
305 176
306 182
303 191
310 189
310 189
314 182
315 181
316 182
318 180
324 184
321 174
329 176
332 179
330 187
323 191
330 196
328 204
330 207
337 206
341 193
346 193
353 194
358 188
369 210
370 197
383 190
385 203
397 206
411 226
424 228
434 233
431 240
426 242
429 243
435 251
438 256
423 258
425 250
423 248
411 243
408 235
396 241
395 253
402 269
404 270
409 268
413 273
414 280
414 281
414 282
409 289
410 290
416 290
418 292
422 294
414 299
415 302
420 306
420 311
425 323
426 323
427 324
426 326
428 333
430 336
431 339
433 338
435 339
443 319
437 319
437 314
434 309
432 308
430 303
428 301
428 297
428 296
430 289
433 284
427 288
425 285
427 284
426 279
423 278
417 273
423 272
426 275
430 275
432 277
431 269
438 274
434 278
435 280
434 281
439 284
449 288
447 290
448 296
442 296
437 294
435 294
436 310
446 311
456 326
455 353
445 363
447 355
447 350
446 347
444 347
442 345
435 351
431 341
425 339
424 340
418 341
419 343
425 350
424 355
415 359
417 360
417 362
423 365
423 369
429 369
440 379
427 388
424 387
417 382
410 385
396 395
383 401
386 397
393 395
398 389
400 385
407 380
420 376
417 372
416 372
408 370
410 368
410 362
409 357
404 349
408 344
409 347
412 351
418 348
414 346
414 338
405 334
410 333
423 334
414 327
418 323
418 320
415 311
410 304
408 296
396 293
395 293
408 283
409 280
406 278
395 275
397 266
396 265
380 244
381 242
379 241
361 238
357 229
366 233
367 232
378 236
383 238
383 235
386 232
392 233
397 222
396 216
390 215
392 219
382 227
377 225
377 220
377 217
375 218
372 221
369 217
361 219
358 216
358 211
357 205
346 208
341 207
345 218
342 221
333 224
330 225
323 250
326 253
321 255
309 246
314 254
315 263
309 268
306 269
307 263
303 263
301 262
294 256
292 253
290 262
297 271
292 269
286 268
285 275
287 282
284 285
282 286
279 280
275 289
279 294
283 300
285 308
281 302
278 302
273 304
274 307
273 310
269 313
277 316
281 316
281 321
286 325
288 325
292 318
294 316
300 317
304 316
306 312
304 306
304 304
302 303
299 302
294 302
293 293
290 290
295 284
303 286
305 286
312 280
322 281
309 292
304 291
301 287
297 291
297 299
302 300
308 298
311 299
313 299
313 298
315 294
319 297
318 305
317 314
315 314
311 320
310 325
301 324
297 320
295 321
297 330
300 331
301 332
309 337
311 340
321 338
320 339
317 349
319 356
322 361
314 354
313 343
307 344
306 345
306 356
307 357
309 362
312 364
309 368
305 371
306 374
313 376
318 375
323 370
326 370
329 367
334 359
328 355
331 352
328 344
332 346
334 346
341 352
339 358
340 362
336 367
333 366
335 369
336 369
341 379
342 384
344 393
352 391
357 389
366 393
378 384
375 383
374 383
369 382
367 385
360 380
356 375
354 371
352 374
347 370
350 365
353 359
363 352
367 353
367 352
373 350
377 351
375 354
381 358
389 354
388 348
389 340
390 341
391 345
394 353
397 359
395 360
393 366
397 375
392 369
389 368
386 365
383 363
378 359
376 365
368 366
370 371
373 373
375 377
376 374
381 372
380 379
381 378
383 378
387 380
388 380
388 381
384 384
381 382
380 389
378 389
377 390
373 398
371 396
362 396
361 395
361 402
358 402
348 400
337 408
327 410
328 408
337 402
337 395
330 396
333 391
333 385
332 383
336 381
337 381
336 372
333 370
330 369
330 371
324 378
319 379
320 386
325 385
322 389
319 390
315 382
308 380
304 394
303 392
301 391
297 393
292 390
291 390
294 387
303 386
304 378
303 372
298 373
295 375
295 370
291 365
282 374
283 367
282 364
281 364
281 360
274 353
274 345
272 344
272 341
269 339
267 342
261 352
259 345
266 338
262 330
271 333
271 338
275 343
276 350
278 350
285 360
289 357
291 355
293 355
291 358
296 362
300 355
301 354
301 350
301 349
303 338
299 338
295 337
296 339
295 342
291 344
287 337
286 334
288 334
289 331
285 327
284 330
278 331
277 330
279 328
279 326
268 323
269 321
271 318
265 317
259 313
256 313
259 308
267 306
266 301
265 301
